spawns: 
  default: 
    world: world
    x: -1072.3255699053848
    y: 18.0
    z: 1335.5354546818003
    yaw: -90.024414
    pitch: -2.3999808
